newline[0]: ?.?????#???#???.?????#???#???.?????#???#???.?????#???#???.?????#???#? 1,1,2,2,1,1,2,2,1,1,2,2,1,1,2,2,1,1,2,2
t[0] = 22
t[1] = 23570904 t[2] = 117041099
r 5
newline[1]: ????.#????#?????#??#?????.#????#?????#??#?????.#????#?????#??#?????.#????#?????#??#?????.#????#?????#??# 1,2,1,1,7,1,2,1,1,7,1,2,1,1,7,1,2,1,1,7,1,2,1,1,7
t[0] = 5
t[1] = 2444990 t[2] = 34007565
r 22
newline[2]: ???#?.???????.?????#?.???????.?????#?.???????.?????#?.???????.?????#?.???????.? 3,1,1,1,1,3,1,1,1,1,3,1,1,1,1,3,1,1,1,1,3,1,1,1,1
t[0] = 22
t[1] = 602182948 t[2] = 3539518692
r 12
newline[3]: ????#.??.??????#.??.??????#.??.??????#.??.??????#.??.? 1,1,1,1,1,1,1,1,1,1,1,1,1,1,1
t[0] = 12
t[1] = 12003844 t[2] = 61062357
r 11
newline[4]: .?#??????.??.?#??????.??.?#??????.??.?#??????.??.?#??????.? 3,1,1,3,1,1,3,1,1,3,1,1,3,1,1
t[0] = 11
t[1] = 1592603 t[2] = 7525291
r 4
newline[5]: #????#?????????#????#?????????#????#?????????#????#?????????#????#???????? 1,9,1,9,1,9,1,9,1,9
t[0] = 4
t[1] = 18896 t[2] = 128515
r 4
newline[6]: ?.?##????????#?.??.?##????????#?.??.?##????????#?.??.?##????????#?.??.?##????????#?. 6,2,6,2,6,2,6,2,6,2
t[0] = 4
t[1] = 1024 t[2] = 7843
r 1
newline[7]: #..??#?#?#??????#..??#?#?#??????#..??#?#?#??????#..??#?#?#??????#..??#?#?#????? 1,3,5,2,1,3,5,2,1,3,5,2,1,3,5,2,1,3,5,2
t[0] = 1
t[1] = 1 t[2] = 31
r 7
newline[8]: ?????????#????????.??????????#????????.??????????#????????.??????????#????????.??????????#????????. 3,1,4,1,2,1,3,1,4,1,2,1,3,1,4,1,2,1,3,1,4,1,2,1,3,1,4,1,2,1
t[0] = 7
t[1] = 6394787 t[2] = 83863037
r 3
newline[9]: ????#.?????????????????#.?????????????????#.?????????????????#.?????????????????#.???????????? 1,1,1,2,8,1,1,1,2,8,1,1,1,2,8,1,1,1,2,8,1,1,1,2,8
t[0] = 3
t[1] = 1875 t[2] = 10779
r 12
newline[10]: ?#..#????.?#?##???????#..#????.?#?##???????#..#????.?#?##???????#..#????.?#?##???????#..#????.?#?##????? 1,1,1,5,1,1,1,1,1,5,1,1,1,1,1,5,1,1,1,1,1,5,1,1,1,1,1,5,1,1
t[0] = 12
t[1] = 27374572 t[2] = 158663244
r 3
newline[11]: ????##.#?????????##.#?????????##.#?????????##.#?????????##.#???? 1,4,1,1,1,4,1,1,1,4,1,1,1,4,1,1,1,4,1,1
t[0] = 3
t[1] = 3888 t[2] = 19438
r 2
newline[12]: ??#...?#?#????#...?#?#????#...?#?#????#...?#?#????#...?#?#? 1,4,1,4,1,4,1,4,1,4
t[0] = 2
t[1] = 32 t[2] = 263
r 18
newline[13]: ?.#.????#??????#?????.#.????#??????#?????.#.????#??????#?????.#.????#??????#?????.#.????#??????#??? 1,1,4,1,3,1,1,1,4,1,3,1,1,1,4,1,3,1,1,1,4,1,3,1,1,1,4,1,3,1
t[0] = 18
t[1] = 86035968 t[2] = 582636453
r 3
newline[14]: ??.?#?.???#?????#?????.?#?.???#?????#?????.?#?.???#?????#?????.?#?.???#?????#?????.?#?.???#?????#?? 3,10,3,10,3,10,3,10,3,10
t[0] = 3
t[1] = 768 t[2] = 4517
r 35
newline[15]: ????????#??????????????#??????????????#??????????????#??????????????#????? 1,3,2,1,1,3,2,1,1,3,2,1,1,3,2,1,1,3,2,1
t[0] = 35
t[1] = 4528750281 t[2] = 24786029051
r 10
newline[16]: ???.?????##??.??????.?????##??.??????.?????##??.??????.?????##??.??????.?????##??.?? 1,7,1,7,1,7,1,7,1,7
t[0] = 10
t[1] = 1580050 t[2] = 9199573
r 5
newline[17]: ????????#.?????#???????????#.?????#???????????#.?????#???????????#.?????#???????????#.?????#?? 8,2,2,8,2,2,8,2,2,8,2,2,8,2,2
t[0] = 5
t[1] = 20056 t[2] = 211413
r 2
newline[18]: ???????.????.#?#????????.????.#?#????????.????.#?#????????.????.#?#????????.????.#?# 3,1,1,3,3,3,1,1,3,3,3,1,1,3,3,3,1,1,3,3,3,1,1,3,3
t[0] = 2
t[1] = 32 t[2] = 435
r 15
newline[19]: ????????????..??????????????..??????????????..??????????????..??????????????..? 1,6,1,6,1,6,1,6,1,6
t[0] = 15
t[1] = 44012535 t[2] = 240051312
r 3
newline[20]: .#??#?.??????#?.#??#?.??????#?.#??#?.??????#?.#??#?.??????#?.#??#?.??????# 1,3,3,1,1,3,3,1,1,3,3,1,1,3,3,1,1,3,3,1
t[0] = 3
t[1] = 243 t[2] = 1814
r 2
newline[21]: ?..#.???.???..#.???.???..#.???.???..#.???.???..#.???.? 1,2,1,1,2,1,1,2,1,1,2,1,1,2,1
t[0] = 2
t[1] = 2592 t[2] = 15551
r 4
newline[22]: ??????#??.???????#??.???????#??.???????#??.???????#??. 1,1,4,1,1,4,1,1,4,1,1,4,1,1,4
t[0] = 4
t[1] = 60112 t[2] = 253467
r 7
newline[23]: .??#??##?????????.?#?.??#??##?????????.?#?.??#??##?????????.?#?.??#??##?????????.?#?.??#??##?????????.?# 1,8,2,1,1,8,2,1,1,8,2,1,1,8,2,1,1,8,2,1
t[0] = 7
t[1] = 1037524 t[2] = 7575427
r 2
newline[24]: ???#?#?.????????.??#????#?#?.????????.??#????#?#?.????????.??#????#?#?.????????.??#????#?#?.????????.??# 6,1,3,2,1,1,6,1,3,2,1,1,6,1,3,2,1,1,6,1,3,2,1,1,6,1,3,2,1,1
t[0] = 2
t[1] = 32 t[2] = 681
r 3
newline[25]: ??###????????#??.#????###????????#??.#????###????????#??.#????###????????#??.#????###????????#??.#? 9,5,1,9,5,1,9,5,1,9,5,1,9,5,1
t[0] = 3
t[1] = 5139 t[2] = 27182
r 2
newline[26]: ?#?##???.#.?#??????#?##???.#.?#??????#?##???.#.?#??????#?##???.#.?#??????#?##???.#.?#???? 1,5,1,4,1,5,1,4,1,5,1,4,1,5,1,4,1,5,1,4
t[0] = 2
t[1] = 2592 t[2] = 15809
r 2
newline[27]: ?.??.??#????????.??.??#????????.??.??#????????.??.??#????????.??.??#?????? 1,1,6,2,1,1,6,2,1,1,6,2,1,1,6,2,1,1,6,2
t[0] = 2
t[1] = 32 t[2] = 435
r 8
newline[28]: ????.??????????.??????????.??????????.??????????.????? 1,4,1,4,1,4,1,4,1,4
t[0] = 8
t[1] = 1554200 t[2] = 6009762
r 3
newline[29]: ??????????#.??????????????#.??????????????#.??????????????#.??????????????#.??? 1,4,1,2,1,1,4,1,2,1,1,4,1,2,1,1,4,1,2,1,1,4,1,2,1
t[0] = 3
t[1] = 323743 t[2] = 1515369
r 3
newline[30]: ?#??????#.????#??#??????#.????#??#??????#.????#??#??????#.????#??#??????#.????# 1,1,2,3,1,1,1,2,3,1,1,1,2,3,1,1,1,2,3,1,1,1,2,3,1
t[0] = 3
t[1] = 8164 t[2] = 129279
r 1
newline[31]: ?.??..??#.???.??..??#.???.??..??#.???.??..??#.???.??..??#.? 2,2,2,2,2,2,2,2,2,2
t[0] = 1
t[1] = 681 t[2] = 10346
r 26
newline[32]: ???.?????.??????.?????.??????.?????.??????.?????.??????.?????.?? 2,1,1,1,2,1,1,1,2,1,1,1,2,1,1,1,2,1,1,1
t[0] = 26
t[1] = 819445762 t[2] = 3121315403
r 26
newline[33]: ?#.?#??.????.???????#.?#??.????.???????#.?#??.????.???????#.?#??.????.???????#.?#??.????.????? 1,3,1,1,3,1,3,1,1,3,1,3,1,1,3,1,3,1,1,3,1,3,1,1,3
t[0] = 26
t[1] = 138018816 t[2] = 588443558
r 2
newline[34]: ???#??#?.#?????#.?????#??#?.#?????#.?????#??#?.#?????#.?????#??#?.#?????#.?????#??#?.#?????#.? 7,4,2,1,7,4,2,1,7,4,2,1,7,4,2,1,7,4,2,1
t[0] = 2
t[1] = 162 t[2] = 2097
r 7
newline[35]: ??#??#??.#?#??#???????#??#??.#?#??#???????#??#??.#?#??#???????#??#??.#?#??#???????#??#??.#?#??#???? 1,1,1,4,1,1,1,1,1,4,1,1,1,1,1,4,1,1,1,1,1,4,1,1,1,1,1,4,1,1
t[0] = 7
t[1] = 703549 t[2] = 5370409
r 4
newline[36]: ??.#?.?#..??.#?#?#.???.#?.?#..??.#?#?#.???.#?.?#..??.#?#?#.???.#?.?#..??.#?#?#.???.#?.?#..??.#?#?#. 1,2,1,1,5,1,2,1,1,5,1,2,1,1,5,1,2,1,1,5,1,2,1,1,5
t[0] = 4
t[1] = 5184 t[2] = 41467
r 15
newline[37]: ????????#?#?.??????????????#?#?.??????????????#?#?.??????????????#?#?.??????????????#?#?.????? 2,8,1,2,8,1,2,8,1,2,8,1,2,8,1
t[0] = 15
t[1] = 32460576 t[2] = 135869126
r 3
newline[38]: ?????..?#?#?..??????..?#?#?..??????..?#?#?..??????..?#?#?..??????..?#?#?.. 3,5,3,5,3,5,3,5,3,5
t[0] = 3
t[1] = 768 t[2] = 4859
r 25

